2022/3/3 下午 10:36:34
中心頻率：1168.000000 MHz
掃描頻率範圍：1200.000000~1136.000000 MHz
掃描頻率間隔：200.000000 kHz
取樣時間：0.000100s 取樣數：10000
實驗經過時間：474.396000 s

頻率(MHz)  平均強度 頻率(MHz)  平均強度 五 六 
1200.000000 0.029228 0.000154 0.000135 0.000047 109633989.201890 FREQ1 1011341874.827999950000Hz 4904043.000000
1199.800000 0.029336 0.000156 0.000130 0.000047 109636694.481625 FREQ1 1011341874.562999960000Hz 4904043.000000
1199.600000 0.029325 0.000142 0.000135 0.000047 109639750.181014 FREQ1 1011341874.297999980000Hz 4904043.000000
1199.400000 0.029325 0.000167 0.000133 0.000047 109638307.748879 FREQ1 1011341874.032999990000Hz 4904043.000000
1199.200000 0.029356 0.000153 0.000136 0.000047 109638634.382075 FREQ1 1011341873.768000010000Hz 4904043.000000
1199.000000 0.029372 0.000137 0.000135 0.000047 109638254.602938 FREQ1 1011341873.503000020000Hz 4904043.000000
1198.800000 0.029305 0.000137 0.000136 0.000047 109641640.118684 FREQ1 1011341873.236999990000Hz 4904043.000000
1198.600000 0.029369 0.000157 0.000133 0.000047 109632005.211625 FREQ1 1011341872.972000000000Hz 4904043.000000
1198.400000 0.029383 0.000139 0.000132 0.000047 109643039.948945 FREQ1 1011341872.707000020000Hz 4904043.000000
1198.200000 0.029407 0.000136 0.000137 0.000047 109646328.045173 FREQ1 1011341872.442000030000Hz 4904043.000000
1198.000000 0.029460 0.000156 0.000136 0.000047 109640585.748281 FREQ1 1011341872.177000050000Hz 4904043.000000
1197.800000 0.029535 0.000149 0.000137 0.000047 109638343.955195 FREQ1 1011341871.911999940000Hz 4904043.000000
1197.600000 0.029566 0.000139 0.000140 0.000047 109631254.399426 FREQ1 1011341871.646999950000Hz 4904043.000000
1197.400000 0.029609 0.000154 0.000136 0.000047 109637065.869633 FREQ1 1011341871.381999970000Hz 4904043.000000
1197.200000 0.029589 0.000143 0.000136 0.000047 109648983.101382 FREQ1 1011341871.116999980000Hz 4904043.000000
1197.000000 0.029540 0.000139 0.000136 0.000048 109637681.346852 FREQ1 1011341870.852000000000Hz 4904043.000000
1196.800000 0.029572 0.000157 0.000135 0.000047 109632626.996967 FREQ1 1011341870.587000010000Hz 4904043.000000
1196.600000 0.029557 0.000150 0.000132 0.000047 109640143.945797 FREQ1 1011341870.320999980000Hz 4904043.000000
1196.400000 0.029550 0.000148 0.000137 0.000046 109639106.753379 FREQ1 1011341870.055999990000Hz 4904043.000000
1196.200000 0.029541 0.000166 0.000132 0.000047 109638462.249743 FREQ1 1011341869.791000010000Hz 4904043.000000
1196.000000 0.029556 0.000148 0.000131 0.000047 109637257.996719 FREQ1 1011341869.526000020000Hz 4904043.000000
1195.800000 0.029636 0.000160 0.000133 0.000047 109641164.567433 FREQ1 1011341869.261000040000Hz 4904043.000000
1195.600000 0.029666 0.000169 0.000130 0.000047 109642417.853609 FREQ1 1011341868.996000050000Hz 4904043.000000
1195.400000 0.029496 0.000134 0.000135 0.000047 109639499.752797 FREQ1 1011341868.730999950000Hz 4904043.000000
1195.200000 0.029650 0.000163 0.000137 0.000047 109646359.499506 FREQ1 1011341868.465999960000Hz 4904043.000000
1195.000000 0.029644 0.000167 0.000132 0.000047 109634195.863749 FREQ1 1011341868.200999970000Hz 4904043.000000
1194.800000 0.029668 0.000156 0.000132 0.000046 109642414.987882 FREQ1 1011341867.935999990000Hz 4904043.000000
1194.600000 0.029615 0.000152 0.000133 0.000047 109647277.965745 FREQ1 1011341867.671000000000Hz 4904043.000000
1194.400000 0.029619 0.000143 0.000136 0.000047 109648525.829346 FREQ1 1011341867.406000020000Hz 4904043.000000
1194.200000 0.029687 0.000147 0.000135 0.000046 109641797.137663 FREQ1 1011341867.139999990000Hz 4904043.000000
1194.000000 0.029743 0.000170 0.000132 0.000047 109642937.384806 FREQ1 1011341866.875000000000Hz 4904043.000000
1193.800000 0.029768 0.000176 0.000136 0.000047 109633245.635936 FREQ1 1011341866.610000010000Hz 4904043.000000
1193.600000 0.029828 0.000153 0.000136 0.000047 109633312.945137 FREQ1 1011341866.345000030000Hz 4904043.000000
1193.400000 0.029779 0.000166 0.000135 0.000046 109641743.090133 FREQ1 1011341866.080000040000Hz 4904043.000000
1193.200000 0.029845 0.000163 0.000134 0.000047 109647665.526914 FREQ1 1011341865.815000060000Hz 4904043.000000
1193.000000 0.029916 0.000176 0.000133 0.000047 109647461.534447 FREQ1 1011341865.549999950000Hz 4904043.000000
1192.800000 0.029978 0.000162 0.000133 0.000047 109639596.680334 FREQ1 1011341865.284999970000Hz 4904043.000000
1192.600000 0.029939 0.000156 0.000136 0.000047 109639345.152923 FREQ1 1011341865.019999980000Hz 4904043.000000
1192.400000 0.029923 0.000161 0.000133 0.000047 109641889.771463 FREQ1 1011341864.754999990000Hz 4904043.000000
1192.200000 0.029999 0.000160 0.000134 0.000047 109641054.261160 FREQ1 1011341864.490000010000Hz 4904043.000000
1192.000000 0.030018 0.000166 0.000135 0.000046 109643769.862074 FREQ1 1011341864.223999980000Hz 4904043.000000
1191.800000 0.030025 0.000168 0.000134 0.000047 109645661.368623 FREQ1 1011341863.958999990000Hz 4904043.000000
1191.600000 0.030059 0.000150 0.000136 0.000047 109640587.351649 FREQ1 1011341863.694000010000Hz 4904043.000000
1191.400000 0.030108 0.000166 0.000136 0.000047 109642852.716822 FREQ1 1011341863.429000020000Hz 4904043.000000
1191.200000 0.030215 0.000152 0.000131 0.000047 109638302.611294 FREQ1 1011341863.164000030000Hz 4904043.000000
1191.000000 0.030231 0.000148 0.000129 0.000047 109645607.957362 FREQ1 1011341862.899000050000Hz 4904043.000000
1190.800000 0.030216 0.000143 0.000132 0.000046 109645553.723531 FREQ1 1011341862.633999940000Hz 4904043.000000
1190.600000 0.030241 0.000144 0.000132 0.000047 109651720.151392 FREQ1 1011341862.368999960000Hz 4904043.000000
1190.400000 0.030251 0.000152 0.000132 0.000047 109640048.133040 FREQ1 1011341862.103999970000Hz 4904043.000000
1190.200000 0.030369 0.000163 0.000133 0.000047 109641327.748644 FREQ1 1011341861.838999990000Hz 4904043.000000
1190.000000 0.030458 0.000152 0.000132 0.000047 109647991.526989 FREQ1 1011341861.574000000000Hz 4904043.000000
1189.800000 0.030547 0.000173 0.000134 0.000046 109642626.385034 FREQ1 1011341861.309000020000Hz 4904043.000000
1189.600000 0.030657 0.000154 0.000134 0.000046 109637001.090787 FREQ1 1011341861.042999980000Hz 4904043.000000
1189.400000 0.030627 0.000163 0.000130 0.000047 109642343.371751 FREQ1 1011341860.778000000000Hz 4904043.000000
1189.200000 0.030732 0.000149 0.000131 0.000047 109637819.115092 FREQ1 1011341860.513000010000Hz 4904043.000000
1189.000000 0.030873 0.000199 0.000133 0.000046 109633613.250642 FREQ1 1011341860.248000030000Hz 4904043.000000
1188.800000 0.030791 0.000150 0.000133 0.000047 109636399.073702 FREQ1 1011341859.983000040000Hz 4904043.000000
1188.600000 0.030827 0.000142 0.000133 0.000047 109639373.577353 FREQ1 1011341859.718000050000Hz 4904043.000000
1188.400000 0.031002 0.000183 0.000133 0.000047 109649793.330140 FREQ1 1011341859.452999950000Hz 4904043.000000
1188.200000 0.031088 0.000209 0.000133 0.000047 109644581.132596 FREQ1 1011341859.187999960000Hz 4904043.000000
1188.000000 0.031238 0.000163 0.000133 0.000047 109642330.110714 FREQ1 1011341858.922999980000Hz 4904043.000000
1187.800000 0.031352 0.000177 0.000131 0.000047 109645862.475043 FREQ1 1011341858.657999990000Hz 4904043.000000
1187.600000 0.031448 0.000179 0.000132 0.000046 109640668.867458 FREQ1 1011341858.393000010000Hz 4904043.000000
1187.400000 0.031604 0.000174 0.000130 0.000047 109643688.717794 FREQ1 1011341858.126999970000Hz 4904043.000000
1187.200000 0.031764 0.000167 0.000134 0.000047 109650871.975418 FREQ1 1011341857.861999990000Hz 4904043.000000
1187.000000 0.031977 0.000217 0.000135 0.000047 109639309.934833 FREQ1 1011341857.597000000000Hz 4904043.000000
1186.800000 0.032266 0.000172 0.000135 0.000047 109634006.185440 FREQ1 1011341857.332000020000Hz 4904043.000000
1186.600000 0.032445 0.000252 0.000136 0.000047 109640142.612788 FREQ1 1011341857.067000030000Hz 4904043.000000
1186.400000 0.032740 0.000212 0.000134 0.000046 109637920.850621 FREQ1 1011341856.802000050000Hz 4904043.000000
1186.200000 0.033040 0.000268 0.000134 0.000047 109641289.924567 FREQ1 1011341856.536999940000Hz 4904043.000000
1186.000000 0.033420 0.000187 0.000137 0.000047 109650309.771845 FREQ1 1011341856.271999950000Hz 4904043.000000
1185.800000 0.033916 0.000153 0.000132 0.000047 109639828.535537 FREQ1 1011341856.006999970000Hz 4904043.000000
1185.600000 0.034888 0.000354 0.000136 0.000047 109639644.630098 FREQ1 1011341855.741999980000Hz 4904043.000000
1185.400000 0.035726 0.000326 0.000135 0.000047 109631165.285123 FREQ1 1011341855.477000000000Hz 4904043.000000
1185.200000 0.037090 0.000337 0.000134 0.000047 109635734.008714 FREQ1 1011341855.210999970000Hz 4904043.000000
1185.000000 0.038845 0.000348 0.000134 0.000047 109638514.591474 FREQ1 1011341854.945999980000Hz 4904043.000000
1184.800000 0.041426 0.000491 0.000137 0.000047 109633984.558851 FREQ1 1011341854.680999990000Hz 4904043.000000
1184.600000 0.044577 0.000548 0.000136 0.000047 109644426.604493 FREQ1 1011341854.416000010000Hz 4904043.000000
1184.400000 0.048491 0.000647 0.000138 0.000047 109633232.838668 FREQ1 1011341854.151000020000Hz 4904043.000000
1184.200000 0.051673 0.000492 0.000136 0.000047 109635436.068127 FREQ1 1011341853.886000040000Hz 4904043.000000
1184.000000 0.053992 0.000526 0.000136 0.000047 109640123.014165 FREQ1 1011341853.621000050000Hz 4904043.000000
1183.800000 0.053834 0.000457 0.000135 0.000047 109636028.119516 FREQ1 1011341853.355999950000Hz 4904043.000000
1183.600000 0.051909 0.000629 0.000133 0.000047 109637408.935096 FREQ1 1011341853.090999960000Hz 4904043.000000
1183.400000 0.049119 0.000760 0.000138 0.000047 109637578.405980 FREQ1 1011341852.825999970000Hz 4904043.000000
1183.200000 0.045800 0.000711 0.000140 0.000047 109640107.975093 FREQ1 1011341852.560999990000Hz 4904043.000000
1183.000000 0.043039 0.000503 0.000138 0.000046 109635354.287335 FREQ1 1011341852.296000000000Hz 4904043.000000
1182.800000 0.041066 0.000337 0.000138 0.000047 109639913.425322 FREQ1 1011341852.029999970000Hz 4904043.000000
1182.600000 0.039808 0.000350 0.000138 0.000046 109643110.736301 FREQ1 1011341851.764999990000Hz 4904043.000000
1182.400000 0.038609 0.000255 0.000140 0.000047 109636105.304100 FREQ1 1011341851.500000000000Hz 4904043.000000
1182.200000 0.037962 0.000237 0.000139 0.000046 109637535.525310 FREQ1 1011341851.235000010000Hz 4904043.000000
1182.000000 0.037893 0.000318 0.000137 0.000047 109646508.477560 FREQ1 1011341850.970000030000Hz 4904043.000000
1181.800000 0.037845 0.000370 0.000137 0.000046 109637176.418111 FREQ1 1011341850.705000040000Hz 4904043.000000
1181.600000 0.038436 0.000336 0.000140 0.000047 109638399.558297 FREQ1 1011341850.440000060000Hz 4904043.000000
1181.400000 0.038739 0.000216 0.000138 0.000047 109634420.800139 FREQ1 1011341850.174999950000Hz 4904043.000000
1181.200000 0.039468 0.000262 0.000137 0.000047 109633512.942361 FREQ1 1011341849.909999970000Hz 4904043.000000
1181.000000 0.040597 0.000336 0.000141 0.000047 109637265.804843 FREQ1 1011341849.644999980000Hz 4904043.000000
1180.800000 0.042136 0.000492 0.000140 0.000046 109638392.106596 FREQ1 1011341849.379999990000Hz 4904043.000000
1180.600000 0.043846 0.000545 0.000137 0.000047 109636328.394511 FREQ1 1011341849.113999960000Hz 4904043.000000
1180.400000 0.045765 0.000505 0.000137 0.000047 109637652.636645 FREQ1 1011341848.848999980000Hz 4904043.000000
1180.200000 0.049062 0.000889 0.000136 0.000046 109629805.143172 FREQ1 1011341848.583999990000Hz 4904043.000000
1180.000000 0.053136 0.000896 0.000134 0.000047 109633495.410871 FREQ1 1011341848.319000010000Hz 4904043.000000
1179.800000 0.059152 0.001331 0.000139 0.000047 109635633.658489 FREQ1 1011341848.054000020000Hz 4904043.000000
1179.600000 0.067607 0.001485 0.000139 0.000046 109641063.012172 FREQ1 1011341847.789000030000Hz 4904043.000000
1179.400000 0.078934 0.001751 0.000142 0.000047 109634884.996035 FREQ1 1011341847.524000050000Hz 4904043.000000
1179.200000 0.093419 0.002352 0.000139 0.000047 109641594.505331 FREQ1 1011341847.258999940000Hz 4904043.000000
1179.000000 0.110874 0.002459 0.000140 0.000048 109637950.242021 FREQ1 1011341846.993999960000Hz 4904043.000000
1178.800000 0.126932 0.002363 0.000139 0.000047 109635116.100889 FREQ1 1011341846.728999970000Hz 4904043.000000
1178.600000 0.137877 0.001925 0.000143 0.000048 109634635.903988 FREQ1 1011341846.463999990000Hz 4904043.000000
1178.400000 0.140071 0.001603 0.000140 0.000047 109637974.588033 FREQ1 1011341846.199000000000Hz 4904043.000000
1178.200000 0.135772 0.001455 0.000143 0.000047 109634865.398667 FREQ1 1011341845.932999970000Hz 4904043.000000
1178.000000 0.122296 0.002442 0.000138 0.000047 109642749.397158 FREQ1 1011341845.667999980000Hz 4904043.000000
1177.800000 0.106181 0.002322 0.000137 0.000047 109638291.745654 FREQ1 1011341845.403000000000Hz 4904043.000000
1177.600000 0.088926 0.002040 0.000134 0.000046 109629293.499047 FREQ1 1011341845.138000010000Hz 4904043.000000
1177.400000 0.076409 0.001401 0.000136 0.000047 109634159.032822 FREQ1 1011341844.873000030000Hz 4904043.000000
1177.200000 0.067565 0.001423 0.000139 0.000047 109642185.646746 FREQ1 1011341844.608000040000Hz 4904043.000000
1177.000000 0.059346 0.000991 0.000137 0.000047 109643258.127639 FREQ1 1011341844.343000050000Hz 4904043.000000
1176.800000 0.054209 0.000959 0.000135 0.000047 109641090.241299 FREQ1 1011341844.077999950000Hz 4904043.000000
1176.600000 0.050766 0.000710 0.000131 0.000047 109643030.723190 FREQ1 1011341843.812999960000Hz 4904043.000000
1176.400000 0.048608 0.000656 0.000132 0.000047 109641395.429594 FREQ1 1011341843.547999980000Hz 4904043.000000
1176.200000 0.046695 0.000494 0.000134 0.000046 109639700.954930 FREQ1 1011341843.282999990000Hz 4904043.000000
1176.000000 0.045286 0.000441 0.000133 0.000047 109639931.379740 FREQ1 1011341843.016999960000Hz 4904043.000000
1175.800000 0.044556 0.000450 0.000131 0.000047 109635206.444724 FREQ1 1011341842.751999970000Hz 4904043.000000
1175.600000 0.043923 0.000377 0.000131 0.000048 109634989.046051 FREQ1 1011341842.486999990000Hz 4904043.000000
1175.400000 0.043891 0.000399 0.000129 0.000047 109638561.457112 FREQ1 1011341842.222000000000Hz 4904043.000000
1175.200000 0.043959 0.000484 0.000130 0.000047 109634943.547540 FREQ1 1011341841.957000020000Hz 4904043.000000
1175.000000 0.044398 0.000488 0.000130 0.000047 109641283.658281 FREQ1 1011341841.692000030000Hz 4904043.000000
1174.800000 0.044884 0.000598 0.000131 0.000046 109632927.677185 FREQ1 1011341841.427000050000Hz 4904043.000000
1174.600000 0.045457 0.000658 0.000132 0.000047 109638894.617157 FREQ1 1011341841.161999940000Hz 4904043.000000
1174.400000 0.046354 0.000585 0.000133 0.000047 109635136.569322 FREQ1 1011341840.896999950000Hz 4904043.000000
1174.200000 0.047281 0.000692 0.000130 0.000047 109642545.709893 FREQ1 1011341840.631999970000Hz 4904043.000000
1174.000000 0.048723 0.000513 0.000133 0.000047 109635244.694284 FREQ1 1011341840.366999980000Hz 4904043.000000
1173.800000 0.050486 0.000655 0.000137 0.000047 109633288.034502 FREQ1 1011341840.102000000000Hz 4904043.000000
1173.600000 0.052890 0.000817 0.000134 0.000047 109637115.445301 FREQ1 1011341839.835999970000Hz 4904043.000000
1173.400000 0.056412 0.001165 0.000133 0.000046 109634117.664421 FREQ1 1011341839.570999980000Hz 4904043.000000
1173.200000 0.059751 0.001021 0.000136 0.000047 109631813.137901 FREQ1 1011341839.305999990000Hz 4904043.000000
1173.000000 0.065375 0.000987 0.000136 0.000047 109628666.525650 FREQ1 1011341839.041000010000Hz 4904043.000000
1172.800000 0.071894 0.001538 0.000131 0.000047 109625477.468408 FREQ1 1011341838.776000020000Hz 4904043.000000
1172.600000 0.081274 0.002211 0.000130 0.000047 109624433.627105 FREQ1 1011341838.511000040000Hz 4904043.000000
1172.400000 0.094715 0.002663 0.000133 0.000047 109620786.090734 FREQ1 1011341838.246000050000Hz 4904043.000000
1172.200000 0.113358 0.003817 0.000132 0.000047 109620484.092618 FREQ1 1011341837.980999950000Hz 4904043.000000
1172.000000 0.136396 0.004046 0.000131 0.000047 109622134.718214 FREQ1 1011341837.715999960000Hz 4904043.000000
1171.800000 0.166246 0.004691 0.000133 0.000047 109624927.830311 FREQ1 1011341837.450999970000Hz 4904043.000000
1171.600000 0.210261 0.006224 0.000130 0.000047 109616527.962085 FREQ1 1011341837.185999990000Hz 4904043.000000
1171.400000 0.253719 0.007519 0.000131 0.000047 109614834.084073 FREQ1 1011341836.919999960000Hz 4904043.000000
1171.200000 0.296735 0.008548 0.000131 0.000047 109614432.033884 FREQ1 1011341836.654999970000Hz 4904043.000000
1171.000000 0.319316 0.007028 0.000134 0.000047 109629291.741787 FREQ1 1011341836.389999990000Hz 4904043.000000
1170.800000 0.326734 0.007399 0.000133 0.000048 109636258.954299 FREQ1 1011341836.125000000000Hz 4904043.000000
1170.600000 0.311704 0.006901 0.000135 0.000046 109645798.151592 FREQ1 1011341835.860000010000Hz 4904043.000000
1170.400000 0.281739 0.007076 0.000132 0.000047 109632608.425816 FREQ1 1011341835.595000030000Hz 4904043.000000
1170.200000 0.239327 0.007909 0.000134 0.000047 109630954.187755 FREQ1 1011341835.330000040000Hz 4904043.000000
1170.000000 0.192330 0.005748 0.000134 0.000047 109623739.062810 FREQ1 1011341835.065000060000Hz 4904043.000000
1169.800000 0.160052 0.005168 0.000137 0.000047 109644591.716948 FREQ1 1011341834.799999950000Hz 4904043.000000
1169.600000 0.131777 0.003774 0.000136 0.000046 109644450.918053 FREQ1 1011341834.534999970000Hz 4904043.000000
1169.400000 0.108226 0.003195 0.000136 0.000047 109634504.225845 FREQ1 1011341834.269999980000Hz 4904043.000000
1169.200000 0.091764 0.002334 0.000138 0.000047 109632941.315065 FREQ1 1011341834.004999990000Hz 4904043.000000
1169.000000 0.080845 0.001871 0.000134 0.000047 109636289.796419 FREQ1 1011341833.738999960000Hz 4904043.000000
1168.800000 0.073594 0.001534 0.000134 0.000047 109635996.517225 FREQ1 1011341833.473999980000Hz 4904043.000000
1168.600000 0.067814 0.000838 0.000137 0.000047 109632413.653198 FREQ1 1011341833.208999990000Hz 4904043.000000
1168.400000 0.063389 0.000936 0.000138 0.000047 109624741.539078 FREQ1 1011341832.944000010000Hz 4904043.000000
1168.200000 0.059887 0.000728 0.000132 0.000047 109630886.148539 FREQ1 1011341832.679000020000Hz 4904043.000000
1168.000000 0.057841 0.000781 0.000130 0.000047 109629266.349870 FREQ1 1011341832.414000030000Hz 4904043.000000
1167.800000 0.055915 0.000535 0.000128 0.000046 109627879.197475 FREQ1 1011341832.149000050000Hz 4904043.000000
1167.600000 0.054489 0.000499 0.000127 0.000047 109634756.022471 FREQ1 1011341831.883999940000Hz 4904043.000000
1167.400000 0.053618 0.000315 0.000133 0.000048 109637822.316739 FREQ1 1011341831.618999960000Hz 4904043.000000
1167.200000 0.052817 0.000313 0.000133 0.000047 109637095.854069 FREQ1 1011341831.353999970000Hz 4904043.000000
1167.000000 0.052618 0.000407 0.000134 0.000047 109631241.804713 FREQ1 1011341831.088999990000Hz 4904043.000000
1166.800000 0.053190 0.000504 0.000133 0.000047 109630690.317422 FREQ1 1011341830.822999950000Hz 4904043.000000
1166.600000 0.053367 0.000544 0.000134 0.000047 109637311.888408 FREQ1 1011341830.557999970000Hz 4904043.000000
1166.400000 0.053795 0.000662 0.000133 0.000047 109636041.040867 FREQ1 1011341830.292999980000Hz 4904043.000000
1166.200000 0.054572 0.000546 0.000134 0.000047 109633379.523166 FREQ1 1011341830.028000000000Hz 4904043.000000
1166.000000 0.055629 0.000476 0.000132 0.000047 109639384.569412 FREQ1 1011341829.763000010000Hz 4904043.000000
1165.800000 0.056713 0.000404 0.000133 0.000047 109640343.962286 FREQ1 1011341829.498000030000Hz 4904043.000000
1165.600000 0.059025 0.000544 0.000130 0.000048 109626430.073475 FREQ1 1011341829.233000040000Hz 4904043.000000
1165.400000 0.061240 0.001049 0.000125 0.000047 109627755.329610 FREQ1 1011341828.968000050000Hz 4904043.000000
1165.200000 0.063691 0.000553 0.000129 0.000046 109628248.850174 FREQ1 1011341828.702999950000Hz 4904043.000000
1165.000000 0.066806 0.000612 0.000130 0.000047 109628777.732544 FREQ1 1011341828.437999960000Hz 4904043.000000
1164.800000 0.070834 0.000819 0.000131 0.000046 109630400.574660 FREQ1 1011341828.172999980000Hz 4904043.000000
1164.600000 0.075836 0.001072 0.000135 0.000046 109623059.481013 FREQ1 1011341827.906999950000Hz 4904043.000000
1164.400000 0.083323 0.001132 0.000133 0.000047 109618365.608233 FREQ1 1011341827.641999960000Hz 4904043.000000
1164.200000 0.091363 0.001494 0.000134 0.000047 109622580.036134 FREQ1 1011341827.376999970000Hz 4904043.000000
1164.000000 0.103340 0.001959 0.000130 0.000047 109617290.839099 FREQ1 1011341827.111999990000Hz 4904043.000000
1163.800000 0.121097 0.003133 0.000130 0.000047 109603165.272623 FREQ1 1011341826.847000000000Hz 4904043.000000
1163.600000 0.141671 0.004613 0.000131 0.000047 109589944.645929 FREQ1 1011341826.582000020000Hz 4904043.000000
1163.400000 0.178546 0.005980 0.000129 0.000047 109572735.265511 FREQ1 1011341826.317000030000Hz 4904043.000000
1163.200000 0.228499 0.007841 0.000128 0.000047 109566400.017260 FREQ1 1011341826.052000050000Hz 4904043.000000
1163.000000 0.297999 0.012094 0.000130 0.000047 109554296.510765 FREQ1 1011341825.786999940000Hz 4904043.000000
1162.800000 0.379864 0.016261 0.000130 0.000047 109547836.405196 FREQ1 1011341825.521999950000Hz 4904043.000000
1162.600000 0.477094 0.017315 0.000129 0.000047 109535455.378139 FREQ1 1011341825.256999970000Hz 4904043.000000
1162.400000 0.553719 0.016058 0.000128 0.000047 109537146.851769 FREQ1 1011341824.991999980000Hz 4904043.000000
1162.200000 0.593415 0.014149 0.000128 0.000047 109551870.693926 FREQ1 1011341824.725999950000Hz 4904043.000000
1162.000000 0.624638 0.013893 0.000129 0.000047 109557496.111486 FREQ1 1011341824.460999970000Hz 4904043.000000
1161.800000 0.612959 0.014426 0.000132 0.000047 109557006.744773 FREQ1 1011341824.195999980000Hz 4904043.000000
1161.600000 0.572100 0.014911 0.000129 0.000047 109568575.016828 FREQ1 1011341823.930999990000Hz 4904043.000000
1161.400000 0.504821 0.014153 0.000131 0.000047 109572766.888043 FREQ1 1011341823.666000010000Hz 4904043.000000
1161.200000 0.452725 0.016222 0.000128 0.000047 109594899.809237 FREQ1 1011341823.401000020000Hz 4904043.000000
1161.000000 0.374821 0.013816 0.000131 0.000047 109617531.040202 FREQ1 1011341823.136000040000Hz 4904043.000000
1160.800000 0.293874 0.009923 0.000131 0.000046 109617020.519682 FREQ1 1011341822.871000050000Hz 4904043.000000
1160.600000 0.238575 0.009252 0.000133 0.000047 109625370.170870 FREQ1 1011341822.605999950000Hz 4904043.000000
1160.400000 0.195814 0.007693 0.000131 0.000047 109628895.984520 FREQ1 1011341822.340999960000Hz 4904043.000000
1160.200000 0.164544 0.004678 0.000130 0.000047 109644677.662714 FREQ1 1011341822.075999970000Hz 4904043.000000
1160.000000 0.141101 0.003777 0.000128 0.000047 109646497.500725 FREQ1 1011341821.809999940000Hz 4904043.000000
1159.800000 0.121463 0.003575 0.000132 0.000047 109652923.853336 FREQ1 1011341821.544999960000Hz 4904043.000000
1159.600000 0.106827 0.002495 0.000129 0.000047 109642717.379263 FREQ1 1011341821.279999970000Hz 4904043.000000
1159.400000 0.095455 0.002001 0.000130 0.000047 109636768.935996 FREQ1 1011341821.014999990000Hz 4904043.000000
1159.200000 0.089428 0.001582 0.000129 0.000047 109641390.958250 FREQ1 1011341820.750000000000Hz 4904043.000000
1159.000000 0.083292 0.001136 0.000131 0.000047 109639949.037083 FREQ1 1011341820.485000010000Hz 4904043.000000
1158.800000 0.078275 0.000835 0.000132 0.000046 109641733.957376 FREQ1 1011341820.220000030000Hz 4904043.000000
1158.600000 0.074415 0.000636 0.000134 0.000047 109637140.207083 FREQ1 1011341819.955000040000Hz 4904043.000000
1158.400000 0.071577 0.000437 0.000137 0.000047 109632066.824718 FREQ1 1011341819.690000060000Hz 4904043.000000
1158.200000 0.070211 0.000555 0.000137 0.000046 109631135.387621 FREQ1 1011341819.424999950000Hz 4904043.000000
1158.000000 0.069595 0.000759 0.000133 0.000047 109632676.536216 FREQ1 1011341819.159999970000Hz 4904043.000000
1157.800000 0.069022 0.000745 0.000137 0.000047 109637173.795899 FREQ1 1011341818.894999980000Hz 4904043.000000
1157.600000 0.069022 0.000799 0.000134 0.000046 109625642.010270 FREQ1 1011341818.628999950000Hz 4904043.000000
1157.400000 0.068351 0.001164 0.000132 0.000046 109636307.682033 FREQ1 1011341818.363999960000Hz 4904043.000000
1157.200000 0.069033 0.000903 0.000133 0.000047 109637089.278172 FREQ1 1011341818.098999980000Hz 4904043.000000
1157.000000 0.070087 0.001022 0.000135 0.000047 109631240.713511 FREQ1 1011341817.833999990000Hz 4904043.000000
1156.800000 0.071711 0.001014 0.000134 0.000047 109627263.648530 FREQ1 1011341817.569000010000Hz 4904043.000000
1156.600000 0.074363 0.000935 0.000133 0.000047 109617216.598912 FREQ1 1011341817.304000020000Hz 4904043.000000
1156.400000 0.076679 0.001017 0.000133 0.000047 109633014.748070 FREQ1 1011341817.039000030000Hz 4904043.000000
1156.200000 0.079530 0.000952 0.000134 0.000047 109636188.181778 FREQ1 1011341816.774000050000Hz 4904043.000000
1156.000000 0.082960 0.001000 0.000132 0.000047 109632976.243313 FREQ1 1011341816.508999940000Hz 4904043.000000
1155.800000 0.087489 0.001091 0.000132 0.000046 109631703.823488 FREQ1 1011341816.243999960000Hz 4904043.000000
1155.600000 0.094146 0.001481 0.000130 0.000047 109628884.340395 FREQ1 1011341815.978999970000Hz 4904043.000000
1155.400000 0.101925 0.001618 0.000127 0.000047 109627876.932692 FREQ1 1011341815.713000060000Hz 4904043.000000
1155.200000 0.110379 0.002434 0.000129 0.000047 109629057.620322 FREQ1 1011341815.447999950000Hz 4904043.000000
1155.000000 0.122702 0.002739 0.000130 0.000047 109613482.863582 FREQ1 1011341815.182999970000Hz 4904043.000000
1154.800000 0.140172 0.003470 0.000130 0.000047 109606381.391598 FREQ1 1011341814.917999980000Hz 4904043.000000
1154.600000 0.163834 0.003955 0.000131 0.000047 109597201.625350 FREQ1 1011341814.653000000000Hz 4904043.000000
1154.400000 0.192564 0.005676 0.000130 0.000047 109591586.736463 FREQ1 1011341814.388000010000Hz 4904043.000000
1154.200000 0.234751 0.008077 0.000129 0.000047 109594619.937859 FREQ1 1011341814.123000030000Hz 4904043.000000
1154.000000 0.283375 0.011109 0.000134 0.000047 109591599.547633 FREQ1 1011341813.858000040000Hz 4904043.000000
1153.800000 0.350945 0.012506 0.000131 0.000047 109600884.761323 FREQ1 1011341813.593000050000Hz 4904043.000000
1153.600000 0.460705 0.019675 0.000131 0.000047 109600898.454043 FREQ1 1011341813.327999950000Hz 4904043.000000
1153.400000 0.586918 0.025995 0.000131 0.000047 109590492.890666 FREQ1 1011341813.062999960000Hz 4904043.000000
1153.200000 0.771793 0.035252 0.000128 0.000047 109579518.867819 FREQ1 1011341812.797999980000Hz 4904043.000000
1153.000000 0.905894 0.034165 0.000130 0.000047 109574770.191650 FREQ1 1011341812.531999950000Hz 4904043.000000
1152.800000 1.008382 0.031557 0.000133 0.000047 109589693.350795 FREQ1 1011341812.266999960000Hz 4904043.000000
1152.600000 1.076325 0.023055 0.000131 0.000047 109600986.376571 FREQ1 1011341812.001999970000Hz 4904043.000000
1152.400000 1.103802 0.014966 0.000129 0.000047 109625614.343142 FREQ1 1011341811.736999990000Hz 4904043.000000
1152.200000 1.083432 0.034164 0.000131 0.000047 109629934.301094 FREQ1 1011341811.472000000000Hz 4904043.000000
1152.000000 0.972687 0.031018 0.000130 0.000047 109612033.997988 FREQ1 1011341811.207000020000Hz 4904043.000000
1151.800000 0.851045 0.026364 0.000128 0.000047 109614935.337595 FREQ1 1011341810.942000030000Hz 4904043.000000
1151.600000 0.743392 0.026093 0.000133 0.000047 109649055.517114 FREQ1 1011341810.677000050000Hz 4904043.000000
1151.400000 0.648393 0.027270 0.000132 0.000047 109686298.331168 FREQ1 1011341810.411999940000Hz 4904043.000000
1151.200000 0.523626 0.028353 0.000131 0.000047 109688282.388671 FREQ1 1011341810.146999950000Hz 4904043.000000
1151.000000 0.401527 0.019862 0.000129 0.000047 109672899.866238 FREQ1 1011341809.881999970000Hz 4904043.000000
1150.800000 0.312819 0.012522 0.000133 0.000047 109676693.766005 FREQ1 1011341809.616000060000Hz 4904043.000000
1150.600000 0.252499 0.008628 0.000133 0.000047 109682615.948246 FREQ1 1011341809.350999950000Hz 4904043.000000
1150.400000 0.202395 0.008196 0.000135 0.000047 109686131.925800 FREQ1 1011341809.085999970000Hz 4904043.000000
1150.200000 0.167871 0.005892 0.000132 0.000047 109664128.799287 FREQ1 1011341808.820999980000Hz 4904043.000000
1150.000000 0.142907 0.003276 0.000131 0.000047 109659613.629088 FREQ1 1011341808.555999990000Hz 4904043.000000
1149.800000 0.120930 0.002865 0.000129 0.000047 109643714.230242 FREQ1 1011341808.291000010000Hz 4904043.000000
1149.600000 0.106724 0.002317 0.000132 0.000047 109638947.672336 FREQ1 1011341808.026000020000Hz 4904043.000000
1149.400000 0.096362 0.001811 0.000129 0.000047 109630304.670868 FREQ1 1011341807.761000040000Hz 4904043.000000
1149.200000 0.088247 0.001512 0.000128 0.000047 109632139.060815 FREQ1 1011341807.496000050000Hz 4904043.000000
1149.000000 0.082398 0.001173 0.000129 0.000047 109632052.055322 FREQ1 1011341807.230999950000Hz 4904043.000000
1148.800000 0.076794 0.001223 0.000126 0.000047 109637071.713789 FREQ1 1011341806.965999960000Hz 4904043.000000
1148.600000 0.071197 0.001074 0.000129 0.000047 109639752.669303 FREQ1 1011341806.700999970000Hz 4904043.000000
1148.400000 0.067689 0.000772 0.000129 0.000047 109645751.607469 FREQ1 1011341806.434999940000Hz 4904043.000000
1148.200000 0.063913 0.000763 0.000127 0.000047 109645238.596001 FREQ1 1011341806.169999960000Hz 4904043.000000
1148.000000 0.060536 0.000657 0.000127 0.000047 109634313.967766 FREQ1 1011341805.904999970000Hz 4904043.000000
1147.800000 0.058108 0.000608 0.000129 0.000047 109636134.551050 FREQ1 1011341805.639999990000Hz 4904043.000000
1147.600000 0.056144 0.000671 0.000129 0.000047 109647973.108244 FREQ1 1011341805.375000000000Hz 4904043.000000
1147.400000 0.053668 0.000505 0.000127 0.000048 109645117.000884 FREQ1 1011341805.110000010000Hz 4904043.000000
1147.200000 0.051503 0.000356 0.000127 0.000047 109642531.477901 FREQ1 1011341804.845000030000Hz 4904043.000000
1147.000000 0.050318 0.000390 0.000125 0.000047 109641506.475291 FREQ1 1011341804.580000040000Hz 4904043.000000
1146.800000 0.049034 0.000449 0.000126 0.000047 109641524.030053 FREQ1 1011341804.315000060000Hz 4904043.000000
1146.600000 0.047690 0.000442 0.000129 0.000047 109643541.589023 FREQ1 1011341804.049999950000Hz 4904043.000000
1146.400000 0.046385 0.000457 0.000131 0.000047 109638256.241663 FREQ1 1011341803.784999970000Hz 4904043.000000
1146.200000 0.045401 0.000368 0.000131 0.000047 109642130.302447 FREQ1 1011341803.519000050000Hz 4904043.000000
1146.000000 0.044462 0.000321 0.000133 0.000047 109644084.673725 FREQ1 1011341803.253999950000Hz 4904043.000000
1145.800000 0.043324 0.000575 0.000129 0.000047 109636662.971075 FREQ1 1011341802.988999960000Hz 4904043.000000
1145.600000 0.042613 0.000397 0.000129 0.000047 109639691.766601 FREQ1 1011341802.723999980000Hz 4904043.000000
1145.400000 0.041895 0.000203 0.000127 0.000047 109635407.499795 FREQ1 1011341802.458999990000Hz 4904043.000000
1145.200000 0.041504 0.000414 0.000127 0.000047 109644137.526311 FREQ1 1011341802.194000010000Hz 4904043.000000
1145.000000 0.040754 0.000359 0.000125 0.000047 109647205.198077 FREQ1 1011341801.929000020000Hz 4904043.000000
1144.800000 0.040119 0.000290 0.000132 0.000047 109642472.976520 FREQ1 1011341801.664000030000Hz 4904043.000000
1144.600000 0.039507 0.000235 0.000132 0.000046 109648642.236752 FREQ1 1011341801.399000050000Hz 4904043.000000
1144.400000 0.039002 0.000282 0.000133 0.000047 109640942.814670 FREQ1 1011341801.133999940000Hz 4904043.000000
1144.200000 0.038325 0.000188 0.000131 0.000047 109649012.269101 FREQ1 1011341800.868999960000Hz 4904043.000000
1144.000000 0.037830 0.000199 0.000133 0.000048 109645109.734138 FREQ1 1011341800.603000040000Hz 4904043.000000
1143.800000 0.037637 0.000282 0.000130 0.000047 109646997.317607 FREQ1 1011341800.338000060000Hz 4904043.000000
1143.600000 0.037211 0.000282 0.000128 0.000046 109643500.677743 FREQ1 1011341800.072999950000Hz 4904043.000000
1143.400000 0.037015 0.000244 0.000132 0.000047 109639937.661132 FREQ1 1011341799.807999970000Hz 4904043.000000
1143.200000 0.036504 0.000287 0.000129 0.000047 109644769.400620 FREQ1 1011341799.542999980000Hz 4904043.000000
1143.000000 0.036158 0.000189 0.000130 0.000046 109642129.163601 FREQ1 1011341799.278000000000Hz 4904043.000000
1142.800000 0.035876 0.000194 0.000129 0.000047 109643852.562277 FREQ1 1011341799.013000010000Hz 4904043.000000
1142.600000 0.035493 0.000228 0.000126 0.000047 109644751.081732 FREQ1 1011341798.748000030000Hz 4904043.000000
1142.400000 0.035339 0.000170 0.000125 0.000046 109643251.213990 FREQ1 1011341798.483000040000Hz 4904043.000000
1142.200000 0.034963 0.000178 0.000127 0.000047 109644027.907815 FREQ1 1011341798.218000050000Hz 4904043.000000
1142.000000 0.034809 0.000208 0.000126 0.000047 109641196.106062 FREQ1 1011341797.952999950000Hz 4904043.000000
1141.800000 0.034547 0.000165 0.000129 0.000047 109635972.141424 FREQ1 1011341797.687999960000Hz 4904043.000000
1141.600000 0.034606 0.000311 0.000131 0.000047 109638733.242279 FREQ1 1011341797.422000050000Hz 4904043.000000
1141.400000 0.034357 0.000230 0.000128 0.000047 109641984.161669 FREQ1 1011341797.156999950000Hz 4904043.000000
1141.200000 0.034285 0.000185 0.000126 0.000047 109641491.622152 FREQ1 1011341796.891999960000Hz 4904043.000000
1141.000000 0.034059 0.000226 0.000128 0.000047 109636108.270345 FREQ1 1011341796.626999970000Hz 4904043.000000
1140.800000 0.033605 0.000191 0.000132 0.000047 109645368.329362 FREQ1 1011341796.361999990000Hz 4904043.000000
1140.600000 0.033471 0.000195 0.000130 0.000047 109643912.962949 FREQ1 1011341796.097000000000Hz 4904043.000000
1140.400000 0.033410 0.000194 0.000130 0.000047 109642901.848699 FREQ1 1011341795.832000020000Hz 4904043.000000
1140.200000 0.033349 0.000210 0.000129 0.000047 109649573.081429 FREQ1 1011341795.567000030000Hz 4904043.000000
1140.000000 0.033171 0.000190 0.000127 0.000047 109654716.197881 FREQ1 1011341795.302000050000Hz 4904043.000000
1139.800000 0.032972 0.000200 0.000127 0.000047 109659814.797202 FREQ1 1011341795.036999940000Hz 4904043.000000
1139.600000 0.032985 0.000172 0.000125 0.000046 109647416.400566 FREQ1 1011341794.771999950000Hz 4904043.000000
1139.400000 0.032831 0.000227 0.000126 0.000047 109659385.643091 FREQ1 1011341794.506000040000Hz 4904043.000000
1139.200000 0.032642 0.000175 0.000127 0.000047 109652497.976638 FREQ1 1011341794.241000060000Hz 4904043.000000
1139.000000 0.032506 0.000215 0.000127 0.000047 109655388.296968 FREQ1 1011341793.975999950000Hz 4904043.000000
1138.800000 0.031723 0.000343 0.000128 0.000047 109655900.674484 FREQ1 1011341793.710999970000Hz 4904043.000000
1138.600000 0.032191 0.000141 0.000131 0.000047 109650387.579995 FREQ1 1011341793.445999980000Hz 4904043.000000
1138.400000 0.032401 0.000161 0.000134 0.000046 109647248.265954 FREQ1 1011341793.180999990000Hz 4904043.000000
1138.200000 0.032155 0.000167 0.000134 0.000047 109651063.584165 FREQ1 1011341792.916000010000Hz 4904043.000000
1138.000000 0.031993 0.000191 0.000134 0.000047 109656243.362002 FREQ1 1011341792.651000020000Hz 4904043.000000
1137.800000 0.031968 0.000155 0.000134 0.000047 109642352.699428 FREQ1 1011341792.386000040000Hz 4904043.000000
1137.600000 0.031901 0.000184 0.000132 0.000047 109643328.700540 FREQ1 1011341792.121000050000Hz 4904043.000000
1137.400000 0.031739 0.000153 0.000129 0.000047 109643555.387445 FREQ1 1011341791.855999950000Hz 4904043.000000
1137.200000 0.031699 0.000174 0.000131 0.000047 109646845.495599 FREQ1 1011341791.590999960000Hz 4904043.000000
1137.000000 0.031760 0.000163 0.000130 0.000047 109645539.721018 FREQ1 1011341791.325000050000Hz 4904043.000000
1136.800000 0.031609 0.000159 0.000131 0.000047 109640482.750500 FREQ1 1011341791.059999940000Hz 4904043.000000
1136.600000 0.031616 0.000172 0.000130 0.000047 109642844.024411 FREQ1 1011341790.794999960000Hz 4904043.000000
1136.400000 0.031540 0.000175 0.000132 0.000046 109643710.096422 FREQ1 1011341790.529999970000Hz 4904043.000000
1136.200000 0.031432 0.000149 0.000132 0.000047 109639518.133254 FREQ1 1011341790.264999990000Hz 4904043.000000
1136.000000 0.031416 0.000163 0.000134 0.000047 109641771.294625 FREQ1 1011341790.000000000000Hz 4904043.000000
